390509 3472432 27793
390584 4828311 89094
390700 1329847104 17321457
391525 71618 264
391524 71771 396
391523 71771 396
391522 71771 396
391521 71618 264
391520 71618 264
391519 71618 264
391518 71618 264
391517 71771 396
391516 71618 264
391515 71618 264
391514 71618 264
391513 71771 396
391512 71618 264
391511 71618 264
391510 71618 264
391509 71771 396
391508 71771 396
391507 71618 264
391506 71618 264
391505 71618 264
391504 71618 264
391503 71771 396
391502 71771 396
393274 71771 528
393273 71924 528
393272 71771 396
393271 71924 528
393270 71771 528
393269 71924 528
393268 71771 528
393267 71771 528
393266 71771 396
393265 71924 528
393264 71924 528
393263 71924 528
393262 71771 528
393261 71771 396
393260 71771 528
393259 71771 396
393258 71771 396
393257 71771 396
393256 71618 396
393255 71771 396
393254 71771 396
393253 71771 396
393252 71771 396
393251 71618 396
395711 71924 528
395710 71771 528
395709 71924 528
395708 71771 528
395707 71771 528
395706 71924 528
395705 71924 528
395704 71771 528
395703 71771 528
395702 71924 528
395701 71771 528
395700 71771 528
395699 71771 396
395698 71771 528
395697 71771 396
395696 71771 528
395695 71618 396
395694 71771 528
395693 71771 528
395692 71771 396
395691 71771 396
395690 71771 396
395689 71771 396
395688 71771 396
398500 71771 528
398497 71924 660
398496 71771 528
398495 71771 528
398494 71924 0
404543 71924 528
404542 71771 528
404541 71771 396
404540 71771 528
404539 71771 528
404538 71771 528
404537 71924 528
404536 71924 528
404535 71771 528
404534 71771 396
404533 71924 528
404532 71771 396
404531 71771 396
404530 71771 528
404529 71771 528
404528 71771 396
404527 71771 396
404526 71771 528
404525 71771 396
404524 71771 528
404523 71771 396
404522 71771 396
404521 71771 396
404520 71771 396
412340 71771 528
412339 71924 528
412338 71924 528
412337 71924 528
412336 71924 528
412335 71771 528
412334 71771 528
412333 71771 528
412332 71771 528
412331 71771 528
412330 71771 528
412329 71771 528
412328 71771 528
412327 71771 528
412326 71771 528
412325 71771 396
412324 71771 528
412323 71771 528
412322 71771 528
412321 71771 396
412320 71771 528
412319 71771 528
412318 71771 528
412317 71771 396
421572 71771 528
421571 71924 660
421570 71924 660
421569 71771 528
421568 71924 528
421567 71924 528
421566 71771 528
421565 71771 528
421564 71771 528
421563 71771 528
421562 71771 528
421561 71771 528
421560 71924 660
421559 71771 0
