184402 3513602 27793
184474 4986881 88995
184591 1326378827 17263211
185423 71771 396
185422 71771 396
185421 71771 396
185420 71771 396
185419 71771 396
185418 71771 396
185417 71618 264
185416 71771 396
185415 71771 396
185414 71618 264
185413 71771 396
185412 71771 396
185411 71771 396
185410 71618 264
185409 71618 264
185408 71771 396
185407 71771 396
185406 71771 396
185405 71618 264
185404 71618 264
185403 71771 396
185402 71618 264
185401 71771 396
185400 71771 396
187191 71771 396
187190 71771 396
187189 71771 396
187188 71924 528
187187 71924 528
187186 71771 528
187185 71924 528
187184 71924 528
187183 71924 528
187182 71771 396
187181 71771 528
187180 71771 396
187179 71771 396
187178 71771 528
187177 71771 396
187176 71771 528
187175 71771 396
187174 71618 396
187173 71771 396
187172 71771 396
187171 71771 396
187170 71771 396
187169 71771 396
187168 71618 396
189624 71924 528
189623 71924 528
189622 71771 528
189621 71924 528
189620 71924 660
189619 71924 528
189618 71924 528
189617 71771 528
189616 71924 660
189615 71771 528
189614 71924 528
189613 71771 528
189612 71771 528
189611 71771 528
189610 71771 528
189609 71771 528
189608 71771 396
189607 71618 396
189606 71771 396
189605 71771 528
189604 71771 396
189603 71618 396
189602 71618 396
189601 71618 396
192373 71924 660
192370 71924 660
192369 71924 660
192366 71924 660
192365 71771 528
192364 71924 528
192363 71924 660
192361 71771 528
192360 71771 528
192357 71771 528
192355 71771 528
192352 71771 528
192350 71771 528
192349 71771 528
192345 71618 396
192344 71771 528
194932 71924 660
194930 71924 660
194929 71771 528
194925 71924 660
194924 71924 660
194921 71924 660
194919 71771 528
194918 71771 528
194914 71771 528
194913 71771 528
206131 71924 660
206130 71924 660
206129 71924 660
206128 71924 660
206127 71924 660
206126 71924 660
206125 71924 660
206124 71771 528
206123 71771 528
206122 71771 528
206121 71771 528
206120 71771 0
